-0.0567413
0.0534518
-0.1616167
1.651076
-1.026815
1.627432
1.39399
-0.5725659
-0.4285668
-4.218464
-0.9536476
-1.396975
-0.6785989
0.09123465
-0.4286838
0.2635148
-0.732303
0.4662856
0.07685199
-0.3309941
1.516108
-0.8455045
-0.5313147
-2.123227
-0.04246334
0.09885591
-5.483772
0.08499214
1.349235
0.03040075
0.3202817
-0.2941703
0.2810737
-1.267718
0.5698346
-0.6062402
-0.0700763
-2.624106
-0.7270091
0.2108928
0.4388252
-0.5102555
-0.2522556
-0.05044997
0.08986631
-0.1518714
-4.836831
0.3323056
-0.7076215
-0.6964927
0.3314475
1.217633
0.3166818
-0.2962833
-3.991045
-2.927959
0.06597062
0.1553464
-0.5779479
0.1901691
1.648335
0.07510472
0.3501572
0.0400993
-0.5276525
-0.1294173
0.3293322
-0.4693666
-3.51828
1.425718
0.03166323
0.8144475
0.02621949
0.03813785
0.3341708
1.592587
1.268312
0.1143922
-0.3327023
1.13133
0.3062551
-0.7318962
0.1583808
0.05122559
-0.5613147
-1.009789
-0.7310759
-2.216507
-0.2864285
-1.799107
-0.3733426
-4.273735
-0.4884553
1.437651
-0.3105692
-0.01645965
0.3482789
0.2053637
0.2374918
-0.3190237
-0.5451892
0.02610112
-0.01924709
0.448775
-0.4484088
-0.826585
-2.039885
0.3303218
1.604732
-0.2904077
0.8158735
-0.7092184
0.02800976
0.2955523
-1.732233
-5.511317
-0.7326444
-2.790681
0.3362649
-0.4784745
0.4678046
0.2726085
0.3136807
-1.435451
-0.5807215
0.3471189
0.1969853
-0.9263914
-0.5534462
-0.2760542
-0.1722994
-3.782896
-4.521857
-0.4907715
1.572366
-0.2872741
-0.09587775
0.1120018
0.619325
0.2156376
-0.6637306
-0.3033631
-0.3851648
-0.1278099
-0.7160655
0.3457678
-1.414811
-0.6400711
-2.726236
1.271556
-0.363244
-0.07446234
0.04563377
0.3463678
0.2510888
-1.341295
0.09040178
-3.844332
0.02658072
-0.8356197
0.05560298
1.610756
0.3361713
-0.295387
1.488708
0.2194304
-4.173964
0.03584803
-0.7269878
0.03325666
-0.4344507
0.8378122
1.130748
0.1201208
0.07839947
1.612738
-0.4977156
-0.6719987
-0.3207242
1.643657
0.0752642
-1.193643
1.547093
0.2372813
1.44736
-1.224557
-0.5522076
-0.7258331
1.407154
-0.01850751
-0.7314786
0.1099406
-2.875373
1.58258
0.0502758
-0.2514576
-2.544129
0.8356776
0.0633686
-0.2534725
-0.04015039
-0.7296483
0.1658316
-0.02891629
-1.337278
0.1556801
-0.106507
-2.044365
-0.1476184
-0.7321877
1.116456
-2.902653
-0.5024671
1.346078
0.3920378
0.07592222
-0.5217619
1.260201
1.253864
0.03075338
-0.08418394
-1.529133
0.05653251
0.2025857
1.605388
0.1981167
-0.133711
-4.425598
0.2408117
1.092751
0.02603709
-1.998162
0.05976111
-0.4390079
0.1147625
-0.6870967
-0.6864175
-0.06135733
0.2889167
0.3459316
0.07744731
-0.1904395
1.650937
-1.809255
0.228214
-0.8670429
0.2856792
-1.974131
0.3503327
1.417561
-0.5151922
1.534193
0.3438134
-0.3128304
0.31171
-2.595181
-0.2553431
0.2598872
0.05536993
1.516252
0.1241254
0.06464263
0.02763755
-0.1811068
-0.7198488
-1.533999
-4.158752
-0.5816756
-0.3892719
-1.481508
-4.209418
-2.587773
0.08261772
-1.484618
0.07914549
-1.179184
-0.1386648
-1.336432
0.3321229
-0.4178869
-4.675478
0.1043362
1.485388
0.05588785
-4.413179
-1.870284
0.05765408
-1.650805
-1.98293
-0.6822804
-0.5928865
-1.998667
0.6979233
0.04848438
0.2192579
-0.6587615
-2.939151
-2.289664
-4.39012
1.567149
-0.6283299
-3.104436
0.2848349
0.3503354
0.0618301
0.4844513
-1.399564
0.2880029
-4.055628
0.1604743
-1.830962
-1.16223
0.8524183
-0.7310789
-0.04253274
0.2750913
-3.561497
0.02636041
0.9625852
-0.4086883
-0.5895046
0.07126127
0.1848337
0.3725477
1.112137
1.256965
0.2656721
-0.2634192
-0.03721072
-0.5134051
0.5920893
0.07510745
0.1554329
0.2622527
-3.779843
0.03607504
0.3283965
-1.628831
-0.2100988
0.9429516
0.5204553
-1.398292
0.01467065
0.09197903
-0.6382939
-0.02633354
0.3455733
-1.455223
0.04647441
-0.7243343
0.3080217
-4.174103
-0.2278498
0.2428679
0.7099801
0.04900076
0.9792557
-3.594555
1.547163
0.3420468
-2.585397
0.03883288
0.7739213
0.02188392
-0.2341843
0.7601531
-3.97671
-0.720431
-0.7123043
0.3497075
0.3132819
-0.1030948
1.573424
-0.5225336
-0.6732668
0.2511316
0.03849165
1.275687
-1.388922
0.2819673
0.2892426
-0.1147993
-0.5517088
0.7641173
-0.4939383
-0.3552044
-0.02482406
0.6575695
-2.445123
1.08013
-1.743848
-1.794489
1.597288
0.2187644
-1.650577
0.02576852
-0.5681945
0.07216062
0.02569964
-1.736991
-0.5639593
-1.283931
1.242925
1.62499
1.407533
-0.7270377
0.0491347
-0.2804955
-5.690571
1.451878
0.4248144
0.0285427
-0.6340315
-0.09280853
-0.7254487
0.3352407
0.2765318
0.07614025
-0.7028435
0.4763724
0.3064414
0.177439
-0.5824125
-1.801091
0.0272495
0.1851797
-3.477346
1.537458
0.7933333
1.475406
1.505424
-3.936252
0.07265245
0.0405219
-2.724031
0.06273239
-0.6789994
-4.371844
0.320033
1.624215
-4.463477
0.07558345
0.2491785
-0.3410401
-0.0678012
0.2633376
0.04106316
1.423589
-2.166302
-4.010225
1.060606
0.3282025
0.04893656
-1.473678
-4.346916
-0.5592341
-0.1894482
0.5743633
-0.3137726
-4.146914
-1.56718
0.336083
-6.709861
0.3256579
-0.09919627
1.474895
-0.7326392
-1.556096
0.3345065
-0.689067
0.3503698
1.229745
-0.7319084
0.1454325
-2.32215
-0.3658379
1.25704
0.3103925
0.2627685
-0.6941395
-0.5315214
-1.644117
1.009028
1.363203
-0.2409768
0.2425446
-1.215864
-6.720963
1.453661
-1.947735
-4.863475
1.466267
0.07423042
-1.541987
0.154297
0.350262
0.3042195
0.1646233
0.947956
-4.333707
-0.05713351
-0.6827504
-0.5602684
-0.5838806
0.3415876
0.9560263
0.168551
1.010812
-0.5652003
0.07245616
1.410582
0.347697
-6.001443
-0.7196912
-0.7325612
-1.250382
-0.5057186
0.01558462
0.0360634
-0.4684832
0.6071704
-0.7292515
0.02572324
-2.061847
0.1066
1.575847
0.1130537
-0.546768
1.192845
0.4211127
-0.3259407
-4.632855
0.03464455
0.02608441
-2.33681
-4.450492
0.04902401
0.03412013
-1.432896
-0.3954205
0.1485727
1.220577
-0.5389441
0.04568734
-1.101515
-2.390202
0.3750552
0.07433659
-0.1020305
-0.7063428
1.365113
-0.1579784
-5.701609
1.649602
-0.4189005
0.08540891
-3.136028
-4.397828
0.4432099
0.6096869
-0.5452298
-1.971526
0.02911758
-0.7104694
1.650548
-0.7059439
-0.3435833
-0.4967629
0.0405156
1.185932
-1.609462
0.2429445
-0.1994163
-3.122616
0.5768718
0.1163016
-0.6031427
0.1969381
0.8768348
-0.6893952
0.02578399
1.331256
-0.5085146
-4.525228
-0.2795363
0.2294395
-3.788735
0.09991237
1.098926
-0.7290114
-0.05302778
-0.323052
-0.3227509
-0.5325322
0.6284945
-0.5170656
0.3262051
0.2748309
0.07630823
0.3431758
0.3042068
1.571058
-1.741766
-0.6191232
0.8269318
0.8454852
0.02560059
0.1312445
1.299613
-2.668298
1.515536
0.02642126
0.06967358
0.03488184
-0.7325843
0.1853056
-1.67514
0.0305104
-0.4174505
-4.300338
1.050181
-0.836583
0.03083144
-1.905823
0.05203543
-0.3922769
-0.1519837
-0.4546869
0.3095576
1.47768
1.154719
0.05038463
0.06897079
0.5935537
0.3449257
0.06655768
-2.990774
-4.148113
-0.686557
-0.6044496
1.646884
0.07949942
1.535174
-1.021755
-0.1017756
-0.6235204
-4.601206
1.231209
-0.6720264
1.429266
-0.6370474
0.8872435
0.03343641
0.1244012
-0.1337237
-3.093014
-1.154859
-0.2392498
-0.606873
1.313095
0.05262371
0.01042858
-4.284602
-0.4029194
0.02794646
-0.2385712
1.646743
-1.064076
0.04624094
-0.6187457
-0.4486116
0.1343612
0.5841703
0.1056205
0.2449121
0.2500834
0.03399436
-2.173424
0.07895026
0.02095944
-0.4240789
-0.320824
-1.792206
0.1729997
-0.2832701
0.224844
0.09879996
0.2754835
-5.632112
1.629552
-3.698182
0.2170207
0.4231169
-0.2886952
0.2676783
-0.08681929
-0.1561262
-1.503159
0.9369572
0.3395363
1.563043
1.637356
-0.6114809
-0.639913
-0.5146105
-3.91121
0.2652387
0.08320196
1.420936
-0.7317496
-0.7258462
0.3445234
-2.252863
-0.2497866
0.3168536
0.2954902
-4.684
-1.753956
0.2612411
-0.4601135
-6.379992
-0.3128656
1.648625
-0.7265543
-0.08358602
1.039246
0.03837333
-0.1900799
0.3000328
-4.378006
-0.7148045
-0.02163571
-0.6089751
-4.386744
-0.7326139
0.07872699
0.05115265
0.6209727
-3.435349
-4.45475
0.02569289
0.01342778
-0.3397286
-0.01143078
-0.9664701
0.08232285
0.341084
0.73565
-2.222109
-0.6368637
0.2679444
1.641398
-0.04000929
-2.056813
0.327007
-1.177833
0.3070256
-0.6146934
1.122365
0.3400686
-0.3351067
-1.611482
1.306588
-0.9506907
-1.379306
-1.535556
-0.1203912
-0.7209449
1.433275
-0.7286767
0.3317943
0.4253128
-5.225879
0.3717919
-0.4547734
0.2846477
-4.658414
-0.5927856
-0.9073678
0.2971503
1.650515
-0.731872
-0.7117328
0.3411943
1.238984
-1.529576
-0.3893526
0.07332722
0.3488788
-4.432076
-1.382983
-4.291102
1.397692
0.02839304
0.1592637
-0.4110857
-0.4104574
0.1696365
0.1538057
0.02577588
1.175162
-4.536646
0.9256272
-0.6498378
0.0009880882
-0.6420509
0.0258443
1.360212
0.03213754
-4.581856
0.02624118
0.1028004
0.02817675
1.143413
0.08988399
-0.01067144
1.596661
1.638799
-0.3263567
-0.7324575
0.02566446
-0.05775474
-0.6620552
0.4135333
1.348751
-4.517821
-0.7050707
0.04185461
0.0779567
-0.7195514
-0.7143209
1.651076
0.9355588
-0.3157586
0.1622883
-0.1824115
-3.807369
1.394986
1.209911
0.226418
1.602903
-1.94045
-0.3872227
0.2948386
0.3385694
0.3073229
-4.482524
-0.4977853
-0.7326444
0.02571475
1.367036
-0.6613199
-4.386592
0.7243894
-0.7443275
-4.513843
-0.1014508
-0.7306895
-0.2530684
-0.448349
-4.949505
-0.0644897
-0.6937653
-4.533404
-4.197012
0.1479506
0.2945974
-0.4373248
-0.7274354
-3.793302
0.2563989
0.8682073
0.2953498
-0.6387064
0.2956429
-5.672136
-0.1231441
0.3477421
-0.6725109
0.4943398
0.04037624
1.392361
1.108062
1.631185
0.2843634
-0.221879
0.08925036
-0.6446636
-0.2054014
0.04267819
-6.781097
-4.125826
-3.452554
-5.508466
0.03551799
-2.279898
-0.2659892
-4.501356
-5.848704
-1.573003
0.6621986
-0.4634283
-0.002047423
-1.239682
-0.603691
-4.214595
-4.255994
-1.732955
-3.919515
-4.45301
0.1331112
-0.153901
-0.7021475
-4.106014
-5.132222
0.3273652
-1.618579
-0.7317535
-0.7224668
1.535827
0.05137698
0.9280323
0.6254717
-4.483102
1.601606
0.4683508
-0.7262252
0.06689447
0.2439895
0.284164
-0.3422549
1.591231
-0.3657306
-0.007967972
-0.6984643
-0.6065607
1.555696
0.350127
1.20902
0.07183398
-0.9177744
1.622726
-4.365031
0.2103411
0.3490025
0.2318895
-0.6142934
-0.562929
1.649934
0.4186705
-3.151474
-1.379864
-0.4881189
1.412326
-0.2598485
-0.08458205
1.521558
-1.246575
0.2987876
-5.823135
0.03158224
0.327373
-2.119238
-0.4071104
0.07937646
-0.3732219
0.02964063
1.597355
0.4950771
-0.707285
0.4464341
0.02884659
0.3034681
1.053625
-1.730833
-4.108168
-4.79789
-0.353185
-0.7069884
0.05269915
-1.884947
-1.593596
0.5354451
0.1522138
-1.243344
0.3312048
0.001973345
0.04662612
0.2866018
0.101514
-1.954633
0.3179354
-0.3910034
-1.006063
-1.946671
-0.3393449
-0.4595689
0.04616135
-1.193652
-0.05650037
2.129399
1.729939
0.7360128
1.288033
2.090826
2.243506
0.6707731
0.997314
2.163002
2.009817
1.539412
-0.00516606
2.092607
2.116154
2.384877
2.162578
1.700632
-0.6662428
2.164264
2.359857
-0.4020947
-0.4588181
1.281667
0.2971041
-0.3783387
1.08934
1.66171
0.09921805
1.71698
1.021912
1.373011
1.114161
1.521205
1.71282
2.032526
1.016033
1.611616
0.1266008
2.050484
0.9513173
-0.2842613
1.004198
1.987958
1.086941
2.503385
-0.6638084
-0.1440162
1.194695
1.150257
2.16317
0.9656305
1.359276
1.625046
1.140479
1.36141
1.591553
0.9556207
0.2093773
2.152029
-0.3811409
1.612176
2.044144
1.99578
1.809015
0.2523719
0.9528199
2.032388
1.691979
2.361882
2.632772
0.971391
0.009563856
1.407123
2.169711
2.074847
2.164188
1.668617
2.164451
1.979472
2.075089
2.164245
1.626863
1.601492
2.008839
1.187914
2.12655
-0.6765146
2.033641
-0.05932012
-0.3842082
1.721916
2.143937
1.78411
2.283793
0.9940366
1.616981
2.16463
0.3685816
2.143045
2.111861
1.057209
-0.3581174
1.660401
-0.3839127
2.335883
1.192987
1.888342
1.036914
2.157871
2.058139
2.14925
0.04772575
2.018139
1.710555
1.618943
-0.6446597
0.4592022
2.169364
0.9547832
1.857278
1.71697
-0.5528486
1.259747
0.9803086
1.573216
1.017968
2.166574
2.073038
1.18792
2.042285
-0.2678158
2.142853
2.32647
2.093244
2.109857
1.033932
1.979229
1.983566
1.129355
2.016833
1.623856
1.650055
-0.04749113
2.405574
1.985254
1.611334
2.13875
2.264809
0.8105918
1.644295
1.031349
1.676938
2.400793
2.169718
2.139803
1.926893
1.313442
-0.6099238
2.007693
1.192171
-0.6298257
-0.09698158
2.099317
2.04757
-0.2792615
-0.09152506
0.3950499
1.727719
2.167516
1.996008
2.066409
0.04611924
-0.4782885
1.138772
2.164189
2.148656
1.950167
0.2502184
1.727272
2.167067
1.186529
2.169519
0.9921525
1.129029
1.614784
1.679576
2.164638
1.692878
-0.6763188
-0.1006305
0.1946234
1.989138
2.118275
2.275083
-0.3707156
2.150049
0.1901312
2.160154
1.691671
1.170147
1.955771
2.413365
1.69602
2.353853
0.9337222
1.728113
1.952706
1.05991
1.552192
2.116825
2.062565
1.014093
1.856189
0.9698674
2.168878
1.621264
1.913564
1.246272
2.07492
2.144133
2.168871
2.170652
0.04560516
1.232978
2.159903
2.350463
-0.6303643
2.091338
1.995846
2.346473
2.365829
-0.281154
0.949826
2.010627
1.12439
1.723372
1.717223
1.632999
2.208679
1.625505
1.619639
1.979633
1.613753
-0.6514185
1.058734
1.728786
1.028775
1.629828
1.642336
2.151354
-0.6205251
1.047518
2.220579
1.66172
1.069214
1.460959
-0.1828919
1.700567
1.719111
-0.5075297
1.353849
-0.5932665
-0.4110144
1.233617
2.3855
-0.5336369
-0.07592839
2.398175
-0.6365512
2.224257
2.125814
0.200791
1.980182
1.670717
1.498755
1.987435
1.697915
-0.6634439
-0.0182796
1.407714
2.028713
1.204215
1.884139
1.777979
1.619665
1.674345
2.170059
2.1602
1.993933
2.29817
1.235377
1.983004
2.146637
1.022983
0.4609055
2.170651
2.656785
1.984331
2.130436
2.099881
1.727437
1.705631
0.9793499
-0.1434477
1.421129
2.393274
-0.01440511
2.164262
1.64732
2.004145
2.164267
2.401766
1.007823
1.920129
1.11411
1.97943
-0.5859717
2.170353
2.164272
2.170651
1.932557
2.082233
1.450862
2.297315
1.066477
-0.3655251
1.759088
-0.2311117
-0.6545001
0.9484905
-0.6795869
2.163013
-0.6808337
0.9516542
1.015297
1.214016
2.161871
1.77268
2.170256
1.241426
1.090175
0.9642892
2.428239
1.670631
-0.1792845
0.1428411
0.9819566
2.221239
1.235044
-0.4339608
1.618101
2.074792
-0.457546
-0.312062
2.122872
-0.5748111
2.16595
2.104402
2.009031
1.612484
1.72026
2.170455
2.0727
2.16199
2.1496
1.968601
2.025369
1.047935
1.631165
1.929096
1.83577
-0.4146036
-0.07987894
-0.6757307
1.045064
-0.166561
1.986094
1.66863
1.61953
1.619706
-0.4009802
1.70004
0.5966554
0.9481717
1.074355
2.041277
2.5156
1.667651
1.546097
1.02944
1.209225
2.150115
-0.09762156
-0.3818999
-0.2867811
1.626636
2.196563
1.611508
1.007174
2.151785
2.145552
-0.6803686
1.084595
2.114204
0.06851139
2.167309
2.617512
1.14965
0.06042899
2.258673
0.998389
1.628685
1.622472
2.004188
1.677749
1.138162
-0.665503
2.117761
-0.6689657
1.056576
2.430071
2.024934
1.243743
1.372267
2.144528
2.110476
2.031239
1.911163
1.182026
1.646652
1.243845
2.25439
-0.1909609
1.956135
2.109635
-0.4552695
1.214453
0.1843868
0.9885295
0.9484286
-0.6457981
2.106763
2.170414
-0.3119078
2.163095
1.725853
1.698051
2.659845
0.963009
2.088342
-0.5464476
2.113868
2.367167
2.043628
2.168728
2.035253
1.728769
2.164192
2.160611
-0.6575201
2.341188
-0.2810205
0.9557655
-0.1419883
-0.418959
1.676279
2.021326
1.649001
2.168864
2.309566
0.9920657
1.612276
2.212515
1.05783
0.1666382
1.006887
1.713026
-0.2831317
2.04619
2.344219
2.377909
-0.5361716
2.010492
2.008987
1.613626
2.115292
2.162453
2.354573
2.164078
1.643918
1.724277
1.079042
0.9210169
2.001285
2.184423
1.625379
1.034525
1.233657
1.180897
1.635651
1.748018
2.148001
1.697118
1.619763
-0.2082782
2.168445
0.9491501
1.722073
2.164233
2.166068
2.213917
1.021093
-0.5186192
0.9270585
1.215348
1.155682
0.126177
2.429387
1.995422
1.126313
1.702673
0.948126
2.161767
2.165571
1.086849
1.20815
1.675493
2.66568
2.009487
2.164189
1.376458
2.013481
2.130445
2.162951
2.165798
-0.4731349
-0.619601
2.278796
1.87614
2.164278
0.1437688
0.2697417
1.23058
2.16424
1.068709
2.004437
2.107521
0.8043958
1.838658
-0.5567319
1.143601
2.166694
1.604116
1.202696
1.637243
2.16645
0.356994
1.982354
1.237659
2.130082
-0.4594264
1.654934
-0.6573407
-0.6186449
1.024018
1.990793
1.719736
1.611641
-0.6365212
0.959783
2.138742
1.584387
1.230324
0.1882094
1.880037
1.657066
1.612189
-0.2129451
0.9942325
1.132379
-0.2403568
2.131242
-0.6138176
-0.4990916
0.1637767
1.10169
2.416449
0.9563542
1.016423
2.010208
2.169346
2.403506
-0.6810515
1.708567
2.378453
-0.1067582
1.986224
1.65982
1.212958
1.534577
2.170229
1.716478
2.164278
1.099632
1.627982
2.167696
2.344059
-0.6804954
1.227095
-0.1509333
2.342916
0.4599994
-0.3381899
2.161147
2.362343
1.747753
1.023219
1.219172
1.97742
1.124863
1.725839
2.426135
1.655422
0.7157966
1.71581
2.014354
2.066314
2.170788
1.678255
-0.4808263
2.414202
2.71168
1.614371
1.417088
1.628189
2.330922
1.729917
1.644261
0.9495315
-0.6554432
1.666597
0.6553331
1.997772
1.113458
2.152302
2.164215
1.995765
1.716348
2.014042
-0.678223
1.983276
1.981675
1.616404
1.672387
2.267783
1.005643
1.728413
2.031816
0.3781823
2.368661
0.8634119
1.056625
1.219214
-0.4136679
-0.6795649
-0.4383935
2.428192
2.164488
1.138227
0.9841022
2.020923
2.170467
2.720169
2.304358
0.9607391
2.24105
2.009658
1.050759
1.107353
-0.6144948
2.344078
2.005267
0.0749895
2.027306
2.111127
1.236808
2.1133
2.405937
2.05258
1.979135
1.982211
2.158711
2.16424
1.086072
2.164203
1.613017
0.8634262
0.9900378
2.12646
2.066065
0.9932205
1.441332
2.403463
2.020435
2.170647
1.692678
2.136343
-0.1704918
0.001676871
1.983694
-0.6080896
1.911266
0.517102
1.21948
1.127074
1.181664
1.095025
0.6161248
2.165187
1.723076
1.366019
2.154314
1.168337
2.170268
2.131823
0.9480812
-0.08358959
2.166046
1.72513
-0.574326
2.118652
2.167306
1.985571
2.425116
1.468117
1.981213
0.9481417
0.1708234
1.538708
1.071469
0.948351
1.221518
0.9495706
-0.4335679
-0.6368061
2.355285
1.496613
-0.3246815
1.710276
1.62073
1.076728
1.535318
-0.06119078
1.722673
-0.5847461
1.728833
0.9758282
2.086844
2.020008
0.9495362
1.078911
2.198954
1.199918
2.117654
2.451706
1.984378
-0.2274111
-0.4439442
1.612184
1.191378
2.166545
1.612233
0.9677425
1.016826
2.120736
0.4634699
2.15624
2.42851
1.656814
-0.1393338
-0.2515475
1.194681
1.908663
2.16429
1.105887
1.554976
0.8891174
0.6263042
1.614601
2.079028
2.164285
1.812229
1.722031
-0.2414012
2.130365
0.9484027
0.1532644
2.220063
2.170541
2.250243
1.10008
2.166895
1.82244
1.677612
2.059137
0.0004352262
1.6117
2.422136
1.626885
1.225078
0.1912315
2.127338
-0.3971172
-0.3544539
2.169982
2.164189
-0.6753284
0.1729523
1.689242
2.701448
1.863457
1.242774
1.029007
2.165636
1.007105
-0.2460015
-0.6808256
1.664683
1.771874
2.497051
-0.2807678
1.99431
0.7363472
2.079825
1.690357
0.9685128
0.566963
1.554151
1.590224
2.26846
2.121343
0.9507172
1.691079
1.067908
1.611441
1.185267
2.184426
-0.1655205
1.690726
2.057756
1.819924
1.627685
-0.2000138
2.136661
1.67894
2.116941
1.209912
-0.5095068
-0.4145391
1.117933
1.991936
1.62187
1.721411
2.675986
2.038341
0.1927277
0.8035285
1.374876
0.1076325
2.160876
1.620162
1.187909
2.040432
0.9519892
2.649656
1.243782
2.097051
-0.4117608
1.980742
0.2593477
1.171973
1.707303
1.974469
-0.5644898
0.9649301
1.644802
2.094205
2.153641
-0.3022203
1.233778
0.9807841
1.699258
-0.6809121
1.24306
1.664137
1.70432
2.126827
1.031453
1.652779
1.239576
1.202347
2.132428
1.361452
1.18366
-0.5730872
2.099395
1.41459
1.695846
-0.4298087
1.083295
1.717905
1.061469
2.006781
1.92509
2.169664
1.217517
2.379539
2.087474
2.409384
1.230776
1.082479
1.059496
1.996531
1.227753
-0.3701647
1.672815
2.090632
1.635254
1.241606
-0.3710049
2.043124
2.264641
-0.3208835
-0.4726729
2.058202
0.9866143
0.994064
2.036931
2.425545
1.722893
1.7202
0.850263
1.201612
0.9732848
2.154375
0.0760825
1.729532
2.020156
1.186598
2.169317
0.8569305
1.229714
2.716257
0.1950487
0.6341277
-0.06331872
2.164121
2.408837
1.450569
2.162541
0.3357982
0.02076474
-0.6640533
1.662079
-0.6763053
2.103791
-0.6717415
0.3421785
-0.6741173
1.601122
2.168297
0.02343328
1.367831
1.412237
2.286955
1.20006
2.164717
2.054014
2.102392
-0.5533306
2.155902
1.098957
2.132813
2.023129
2.138329
1.448591
0.9617245
1.037685
2.060412
1.705093
1.712967
1.043714
1.980085
0.9745743
1.144296
1.680088
1.990895
-0.1887133
1.129749
2.119339
